SM:2023-05-02T00:12:33.2160776Z
LM:2023-05-02T18:06:22.5882610Z
CT:image/webp
MA:604800
CL:73304
