SM:2023-04-30T09:56:22.6153617Z
LM:2023-04-30T10:02:30.0042595Z
CT:image/png
MA:604800
CL:99907
