SM:2023-05-02T18:06:55.7799518Z
LM:2023-05-02T18:10:22.3346311Z
CT:image/webp
MA:604800
CL:20518
