SM:2023-05-02T20:17:16.6460776Z
LM:2023-05-02T20:27:41.6477201Z
CT:image/webp
MA:604800
CL:6340
