SM:2023-04-30T09:56:22.6153617Z
LM:2023-04-30T10:02:54.6810853Z
CT:image/jpeg
MA:604800
CL:5407
