SM:2023-05-01T18:45:01.1992970Z
LM:2023-05-02T18:05:52.4423562Z
CT:image/webp
MA:604800
CL:74442
