SM:2023-05-02T18:07:19.0079152Z
LM:2023-05-02T18:10:16.9911839Z
CT:image/webp
MA:604800
CL:4070
