SM:2023-05-01T18:45:01.1992970Z
LM:2023-05-02T18:06:19.9084681Z
CT:image/webp
MA:604800
CL:536336
