SM:2023-05-02T00:12:33.2160776Z
LM:2023-05-02T18:05:50.4609904Z
CT:image/webp
MA:604800
CL:11606
