SM:2023-05-02T18:06:55.7799518Z
LM:2023-05-02T18:10:16.3965617Z
CT:image/webp
MA:604800
CL:4072
