SM:2023-04-30T09:56:22.6153617Z
LM:2023-04-30T10:02:38.9603543Z
CT:image/png
MA:604800
CL:99907
