SM:2023-05-02T18:08:55.6501187Z
LM:2023-05-02T18:10:24.8613209Z
CT:image/webp
MA:604800
CL:11062
