SM:2023-05-02T18:07:19.0079152Z
LM:2023-05-02T18:10:23.7930599Z
CT:image/webp
MA:604800
CL:26216
