SM:2023-04-30T09:56:22.6153617Z
LM:2023-04-30T10:02:25.0364549Z
CT:image/png
MA:604800
CL:61341
